0 0 0 0
1062 128 935 127
1062 128 935 127
3062 2466 597 2465
1062 128 935 127
1062 128 935 127
2062 1474 589 1473
3062 2466 597 2465
4062 2366 1697 2365
1062 128 935 127
7062 524 6539 523
6062 5310 753 5309
9062 3576 5487 3575
1062 128 935 127
3062 2466 597 2465
13062 8936 4127 8935
13062 8936 4127 8935
14062 3936 10127 3935
11062 920 10143 919
16062 11240 4823 11239
7062 524 6539 523
4062 2366 1697 2365
19062 15716 3347 15715
6062 5310 753 5309
19062 15716 3347 15715
13062 8936 4127 8935
23062 22586 477 22585
14062 3936 10127 3935
1062 128 935 127
13062 8936 4127 8935
19062 15716 3347 15715
7062 524 6539 523
13062 8936 4127 8935
16062 11240 4823 11239
31062 9554 21509 9553
35062 12656 22407 12655
33062 12524 20539 12523
19062 15716 3347 15715
11062 920 10143 919
10062 434 9629 433
37062 21476 15587 21475
4062 2366 1697 2365
7062 524 6539 523
31062 9554 21509 9553
27062 424 26639 423
1062 128 935 127
19062 15716 3347 15715
16062 11240 4823 11239
31062 9554 21509 9553
13062 8936 4127 8935
19062 15716 3347 15715
12062 786 11277 785
13062 8936 4127 8935
51062 7190 43873 7189
51062 7190 43873 7189
52062 4310 47753 4309
43062 18428 24635 18427
17062 14366 2697 14365
31062 9554 21509 9553
28062 10406 17657 10405
13062 8936 4127 8935
58062 30992 27071 30991
51062 7190 43873 7189
6062 5310 753 5309
7062 524 6539 523
12062 786 11277 785
47062 17684 29379 17683
4062 2366 1697 2365
51062 7190 43873 7189
13062 8936 4127 8935
67062 19532 47531 19531
37062 21476 15587 21475
35062 12656 22407 12655
31062 9554 21509 9553
71062 24684 46379 24683
51062 7190 43873 7189
19062 15716 3347 15715
27062 424 26639 423
51062 7190 43873 7189
67062 19532 47531 19531
51062 7190 43873 7189
62062 40058 22005 40057
79062 22058 57005 22057
81062 60180 20883 60179
47062 17684 29379 17683
43062 18428 24635 18427
51062 7190 43873 7189
53062 35694 17369 35693
31062 9554 21509 9553
58062 30992 27071 30991
27062 424 26639 423
13062 8936 4127 8935
1062 128 935 127
71062 24684 46379 24683
19062 15716 3347 15715
21062 10746 10317 10745
65062 30120 34943 30119
40062 3560 36503 3559
31062 9554 21509 9553
26062 21856 4207 21855
13062 8936 4127 8935
83062 47380 35683 47379
19062 15716 3347 15715
16062 11240 4823 11239
65062 30120 34943 30119
50062 28210 21853 28209
67062 19532 47531 19531
107062 56466 50597 56465
51062 7190 43873 7189
109062 47918 61145 47917
51062 7190 43873 7189
91062 46874 44189 46873
109062 47918 61145 47917
96062 58484 37579 58483
43062 18428 24635 18427
58062 30992 27071 30991
17062 14366 2697 14365
30062 3386 26677 3385
91062 46874 44189 46873
73062 920 72143 919
89062 69998 19065 69997
10062 434 9629 433
75062 11614 63449 11613
31062 9554 21509 9553
121062 5750 115313 5749
88062 36002 52061 36001
51062 7190 43873 7189
4062 2366 1697 2365
71062 24684 46379 24683
118062 17462 100601 17461
7062 524 6539 523
128062 96356 31707 96355
12280 9759 2522 9758
99280 3639 95642 3638
106280 69239 37042 69238
27280 24679 2602 24678
132280 62439 69842 62438
4280 3839 442 3838
54280 29519 24762 29518
141280 106119 35162 106118
120280 58159 62122 58158
128280 12479 115802 12478
18280 1439 16842 1438
74280 63479 10802 63478
4280 3839 442 3838
96280 41159 55122 41158
54280 29519 24762 29518
21280 15559 5722 15558
144280 126239 18042 126238
121280 28199 93082 28198
98280 81359 16922 81358
72280 31439 40842 31438
40280 2639 37642 2638
154280 143239 11042 143238
102280 41439 60842 41438
35280 13319 21962 13318
108280 93239 15042 93238
3280 2279 1002 2278
34280 24039 10242 24038
40280 2639 37642 2638
18280 1439 16842 1438
128280 12479 115802 12478
42280 11919 30362 11918
84280 34879 49402 34878
88280 2439 85842 2438
51280 36999 14282 36998
138280 88919 49362 88918
11280 10919 362 10918
4280 3839 442 3838
117280 39399 77882 39398
6280 3239 3042 3238
11280 10919 362 10918
132280 62439 69842 62438
19280 12039 7242 12038
18280 1439 16842 1438
129280 10599 118682 10598
174280 144479 29802 144478
150280 79799 70482 79798
54280 29519 24762 29518
64280 39839 24442 39838
180280 74599 105682 74598
36280 24759 11522 24758
178280 134639 43642 134638
54280 29519 24762 29518
30280 2599 27682 2598
106280 69239 37042 69238
94280 46759 47522 46758
180280 74599 105682 74598
174280 144479 29802 144478
73280 55719 17562 55718
66280 56639 9642 56638
153280 133799 19482 133798
140280 110759 29522 110758
24280 21039 3242 21038
194280 175799 18482 175798
62280 24479 37802 24478
18280 1439 16842 1438
62280 24479 37802 24478
194280 175799 18482 175798
12280 9759 2522 9758
116280 96119 20162 96118
103280 11079 92202 11078
174280 144479 29802 144478
124280 111519 12762 111518
156280 131279 25002 131278
63280 44119 19162 44118
50280 37679 12602 37678
117280 39399 77882 39398
54280 29519 24762 29518
69280 60199 9082 60198
162280 119519 42762 119518
120280 58159 62122 58158
154280 143239 11042 143238
49280 45799 3482 45798
18280 1439 16842 1438
61280 22919 38362 22918
178280 134639 43642 134638
150280 79799 70482 79798
194280 175799 18482 175798
89280 14759 74522 14758
54280 29519 24762 29518
89280 14759 74522 14758
194280 175799 18482 175798
144280 126239 18042 126238
162280 119519 42762 119518
21280 15559 5722 15558
174280 144479 29802 144478
166280 4919 161362 4918
224280 56159 168122 56158
117280 39399 77882 39398
74280 63479 10802 63478
95280 44519 50762 44518
180280 74599 105682 74598
94280 46759 47522 46758
70280 41319 28962 41318
108280 93239 15042 93238
208280 18679 189602 18678
131280 105719 25562 105718
114280 51319 62962 51318
157280 103879 53402 103878
18280 1439 16842 1438
180280 74599 105682 74598
158280 58199 100082 58198
194280 175799 18482 175798
42280 11919 30362 11918
193280 162919 30362 162918
154280 143239 11042 143238
171280 32759 138522 32758
244280 132559 111722 132558
122280 111959 10322 111958
54280 29519 24762 29518
40280 2639 37642 2638
80280 17279 63002 17278
174280 144479 29802 144478
66280 56639 9642 56638
10280 9639 642 9638
6280 3239 3042 3238
54280 29519 24762 29518
154280 143239 11042 143238
45280 6759 38522 6758
248280 192479 55802 192478
240280 23519 216762 23518
18280 1439 16842 1438
109280 8839 100442 8838
250280 63879 186402 63878
174280 144479 29802 144478
146280 59879 86402 59878
166280 4919 161362 4918
234280 224279 10002 224278
79280 19399 59882 19398
242280 202319 39962 202318
180280 74599 105682 74598
164280 53639 110642 53638
194280 175799 18482 175798
270280 66679 203602 66678
115280 58999 56282 58998
4280 3839 442 3838
216280 160639 55642 160638
238054 82390 155665 82389
209054 103570 105485 103569
216054 153504 62551 153503
259054 59580 199475 59579
54054 4356 49699 4355
168054 3768 164287 3767
32054 21604 10451 21603
217054 72124 144931 72123
150054 134904 15151 134903
117054 50346 66709 50345
118054 39908 78147 39907
153054 123948 29107 123947
222054 121116 100939 121115
32054 21604 10451 21603
168054 3768 164287 3767
43054 26774 16281 26773
246054 190920 55135 190919
186054 168102 17953 168101
158054 56824 101231 56823
162054 142866 19189 142865
198054 193158 4897 193157
266054 144410 121645 144409
64054 36566 27489 36565
195054 118164 76891 118163
54054 4356 49699 4355
248054 23404 224651 23403
168054 3768 164287 3767
118054 39908 78147 39907
98054 69014 29041 69013
108054 13590 94465 13589
148054 21938 126117 21937
218054 50744 167311 50743
6054 516 5539 515
135054 47934 87121 47933
294054 199950 94105 199949
168054 3768 164287 3767
70054 49436 20619 49435
317054 73904 243151 73903
276054 158886 117169 158885
263054 160116 102939 160115
278054 126884 151171 126883
321054 80928 240127 80927
70054 49436 20619 49435
168054 3768 164287 3767
294054 199950 94105 199949
123054 1368 121687 1367
304054 104536 199519 104535
186054 168102 17953 168101
94054 55642 38413 55641
28054 15406 12649 15405
318054 33660 284395 33659
305054 300400 4655 300399
318054 33660 284395 33659
24054 23430 625 23429
88054 59914 28141 59913
178054 165526 12529 165525
294054 199950 94105 199949
99054 2898 96157 2897
266054 144410 121645 144409
120054 36762 83293 36761
338054 37970 300085 37969
241054 209440 31615 209439
168054 3768 164287 3767
119054 116416 2639 116415
94054 55642 38413 55641
93054 33840 59215 33839
116054 34676 81379 34675
163054 157782 5273 157781
234054 144882 89173 144881
329054 122760 206295 122759
98054 69014 29041 69013
240054 117090 122965 117089
54054 4356 49699 4355
243054 58032 185023 58031
102054 25740 76315 25739
338054 37970 300085 37969
242054 109736 132319 109735
168054 3768 164287 3767
116054 34676 81379 34675
86054 59610 26445 59609
78054 33972 44083 33971
92054 61876 30179 61875
128054 124830 3225 124829
186054 168102 17953 168101
42914 38126 4789 38125
280914 101984 178931 101983
170914 89510 81405 89509
76914 50576 26339 50575
366914 336348 30567 336347
305914 212206 93709 212205
260914 5042 255873 5041
231914 137708 94207 137707
218914 132132 86783 132131
221914 24284 197631 24283
240914 223314 17601 223313
275914 252090 23825 252089
326914 258168 68747 258167
16914 14906 2009 14905
98914 27774 71141 27773
196914 130808 66107 130807
310914 120218 190697 120217
59914 22488 37427 22487
204914 155888 49027 155887
365914 65122 300793 65121
158914 89650 69265 89649
350914 262216 88699 262215
172914 80060 92855 80059
8914 8178 737 8177
246914 12768 234147 12767
111914 82716 29199 82715
380914 309802 71113 309801
274914 147380 127535 147379
182914 142874 40041 142873
104914 104562 353 104561
40914 12830 28085 12829
385914 33620 352295 33619
350914 262216 88699 262215
329914 309502 20413 309501
322914 263780 59135 263779
329914 309502 20413 309501
350914 262216 88699 262215
385914 33620 352295 33619
32914 14484 18431 14483
94914 80366 14549 80365
170914 89510 81405 89509
260914 5042 255873 5041
364914 176810 188105 176809
75914 46916 28999 46915
206914 91416 115499 91415
351914 269442 82473 269441
100914 4682 96233 4681
272914 27960 244955 27959
46914 9668 37247 9667
245914 78316 167599 78315
44914 44140 775 44139
270914 28540 242375 28539
94914 80366 14549 80365
347914 624 347291 623
196914 130808 66107 130807
57914 39442 18473 39441
350914 262216 88699 262215
236914 156022 80893 156021
134914 22462 112453 22461
44914 44140 775 44139
390914 127438 263477 127437
325914 65114 260801 65113
272914 27960 244955 27959
231914 137708 94207 137707
202914 22532 180383 22531
185914 173446 12469 173445
180914 147636 33279 147635
187914 82028 105887 82027
206914 91416 115499 91415
355898 184824 171075 184823
349898 72106 277793 72105
363898 92992 270907 92991
397898 115908 281991 115907
14898 4822 10077 4821
87898 13574 74325 13573
180898 110656 70243 110655
293898 50656 243243 50655
426898 407064 19835 407063
137898 3646 134253 3645
309898 162894 147005 162893
57898 25264 32635 25263
268898 156346 112553 156345
53898 1390 52509 1389
303898 133134 170765 133133
125898 124246 1653 124245
414898 196120 218779 196119
273898 220290 53609 220289
150898 22694 128205 22693
45898 34162 11737 34161
411898 211486 200413 211485
343898 19694 324205 19693
293898 50656 243243 50655
261898 174420 87479 174419
247898 131832 116067 131831
251898 243490 8409 243489
273898 220290 53609 220289
313898 41040 272859 41039
371898 369568 2331 369567
447898 106052 341847 106051
78898 61658 17241 61657
189898 94370 95529 94369
318898 37452 281447 37451
465898 411426 54473 411425
163898 132714 31185 132713
345898 142430 203469 142429
76898 18000 58899 17999
293898 50656 243243 50655
57898 25264 32635 25263
309898 162894 147005 162893
106898 20362 86537 20361
393898 128804 265095 128803
223898 86860 137039 86859
69898 30002 39897 30001
408898 15954 392945 15953
287898 184222 103677 184221
182898 153028 29871 153027
93898 81936 11963 81935
20898 15976 4923 15975
445898 37990 407909 37989
405898 24422 381477 24421
381898 180104 201795 180103
373898 344814 29085 344813
381898 180104 201795 180103
405898 24422 381477 24421
445898 37990 407909 37989
12898 7002 5897 7001
83898 5716 78183 5715
170898 73774 97125 73773
460812 241121 219692 241120
204812 189641 15172 189640
454812 366581 88232 366580
223812 68501 155312 68500
4812 197 4616 196
294812 81525 213288 81524
100812 7625 93188 7624
417812 329485 88328 329484
248812 50021 198792 50020
91812 10769 81044 10768
448812 134417 314396 134416
316812 222401 94412 222400
196812 166673 30140 166672
88812 6185 82628 6184
498812 15053 483760 15052
415812 414869 944 414868
344812 95261 249552 95260
285812 64297 221516 64296
238812 96029 142784 96028
203812 166785 37028 166784
180812 4529 176284 4528
169812 118937 50876 118936
170812 28785 142028 28784
183812 45645 138168 45644
208812 205817 2996 205816
245812 193497 52316 193496
294812 81525 213288 81524
355812 163565 192248 163564
428812 289249 139564 289248
513812 234569 279244 234568
88812 6185 82628 6184
196812 166673 30140 166672
316812 222401 94412 222400
448812 134417 314396 134416
66812 40617 26196 40616
221812 6533 215280 6532
388812 60689 328124 60688
38812 3657 35156 3656
228812 199361 29452 199360
430812 237053 193760 237052
112812 10853 101960 10852
337812 112121 225692 112120
40812 38033 2780 38032
288812 213393 75420 213392
12812 4009 8804 4008
283812 63629 220184 63628
28812 26729 2084 26728
322812 291917 30896 291916
88812 6185 82628 6184
405812 298541 107272 298540
192812 111069 81744 111068
532812 361889 170924 361888
340812 39413 301400 39412
158812 139197 19616 139196
532812 361889 170924 361888
371812 59657 312156 59656
220812 71549 149264 71548
543504 413247 130258 413246
171504 166479 5026 166478
350504 76415 274090 76414
531504 141711 389794 141710
161504 145183 16322 145182
345504 232383 113122 232382
531504 141711 389794 141710
163504 63743 99762 63742
352504 318431 34074 318430
543504 413247 130258 413246
177504 108639 68866 108638
371504 72047 299458 72046
6504 5319 1186 5318
203504 45727 157778 45726
402504 298719 103786 298718
39504 21519 17986 21518
241504 216863 24642 216862
445504 284415 161090 284414
84504 17559 66946 17558
291504 134943 156562 134942
500504 64615 435890 64614
141504 14463 127042 14462
353504 91935 261570 91934
567504 469311 98194 469310
210504 160863 49642 160862
427504 423839 3666 423838
71504 54799 16706 54798
291504 134943 156562 134942
513504 396159 117346 396158
159504 127119 32386 127118
384504 214623 169882 214622
31504 26255 5250 26254
259504 22095 237410 22094
489504 158079 331426 158078
138504 61839 76666 61838
371504 72047 299458 72046
21504 9663 11842 9662
257504 55071 202434 55070
495504 127599 367906 127598
147504 35199 112306 35198
388504 29143 359362 29142
41504 31519 9986 31518
285504 64383 221122 64382
531504 141711 389794 141710
186504 175863 10642 175862
435504 83871 351634 83870
91504 76303 15202 76302
343504 42367 301138 42366
597504 424383 173122 424382
114806 72378 42429 72377
290806 3028 287779 3027
478806 55588 423219 55587
77806 36976 40831 36975
288806 198340 90467 198339
511806 437044 74763 437043
142806 96124 46683 96123
388806 125260 263547 125259
40806 24250 16557 24249
309806 288220 21587 288219
590806 480448 110359 480447
274806 71374 203433 71373
578806 314416 264391 314415
283806 107590 176217 107589
610806 321526 289281 321525
336806 2788 334019 2787
72806 49952 22855 49951
433806 418336 15471 418335
190806 164530 26277 164529
574806 68266 506541 68265
352806 273244 79563 273243
140806 138506 2301 138505
558806 524860 33947 524859
367806 180460 187347 180459
186806 47150 139657 47149
15806 14870 937 14869
478806 55588 423219 55587
328806 220306 108501 220305
188806 64646 124161 64645
58806 40648 18159 40647
566806 175966 390841 175965
457806 432418 25389 432417
358806 319426 39381 319425
269806 28146 241661 28145
190806 164530 26277 164529
121806 51916 69891 51915
62806 57132 5675 57131
13806 3460 10347 3459
610806 321526 289281 321525
582806 177760 405047 177759
564806 45488 519319 45487
556806 43576 513231 43575
558806 524860 33947 524859
570806 22116 548691 22115
560956 60337 500620 60336
164956 21045 143912 21044
414956 348729 66228 348728
23956 16125 7832 16124
280956 46521 234436 46520
541956 450141 91816 450140
158956 141733 17224 141732
426956 265749 161208 265748
48956 33961 14996 33960
323956 248617 75340 248616
602956 125685 477272 125684
232956 179037 53920 179036
518956 220561 298396 220560
153956 44761 109196 44760
446956 292669 154288 292668
86956 36765 50192 36764
386956 98877 288080 98876
31956 5181 26776 5180
338956 193613 145344 193612
649956 93165 556792 93164
302956 185909 117048 185908
620956 70277 550680 70276
278956 56269 222688 56268
603956 226597 377360 226596
266956 207977 58980 207976
598956 360993 237964 360992
266956 207977 58980 207976
605956 440421 165536 440420
278956 56269 222688 56268
624956 144969 479988 144968
302956 185909 117048 185908
655956 490725 165232 490724
338956 193613 145344 193612
23956 16125 7832 16124
386956 98877 288080 98876
76956 4677 72280 4676
446956 292669 154288 292668
141956 120865 21092 120864
518956 220561 298396 220560
218956 1133 217824 1132
602956 125685 477272 125684
29372 15017 14356 15016
194372 165529 28844 165528
361372 361125 248 361124
530372 217189 313184 217188
14372 5933 8440 5932
186372 26141 160232 26140
360372 260009 100364 260008
536372 500165 36208 500164
23372 22561 812 22560
202372 152313 50060 152312
383372 269957 113416 269956
566372 523185 43188 523184
56372 38549 17824 38548
242372 157821 84552 157820
430372 309529 120844 309528
620372 273273 347100 273272
113372 104813 8560 104812
306372 33281 273092 33280
501372 35681 465692 35680
698372 431081 267292 431080
194372 165529 28844 165528
394372 359629 34744 359628
596372 260717 335656 260716
94372 44453 49920 44452
299372 49237 250136 49236
506372 45285 461088 45284
6372 5837 536 5836
216372 88349 128024 88348
428372 242041 186332 242040
642372 558713 83660 558712
145372 88749 56624 88748
362372 105869 256504 105868
581372 450137 131236 450136
86372 34997 51376 34996
308372 186257 122116 186256
532372 478305 54068 478304
39372 197 39176 196
266372 230925 35448 230924
495372 314705 180668 314704
4372 2065 2308 2064
236372 184057 52316 184056
470372 315569 154804 315568
706372 613313 93060 613312
218372 87929 130444 87928
457372 42385 414988 42384
698372 431081 267292 431080
212372 56817 155556 56816
456372 361013 95360 361012
384024 192231 191794 192230
288024 168471 119554 168470
196024 79855 116170 79854
108024 10071 97954 10070
24024 11919 12106 11918
680024 343263 336762 343262
605024 273271 331754 273270
534024 68247 465778 68246
467024 270903 196122 270902
404024 183759 220266 183758
345024 94167 250858 94166
290024 79119 210906 79118
239024 120983 118042 120982
192024 120951 71074 120950
149024 113815 35210 113814
110024 14679 95346 14678
75024 3591 71434 3590
44024 37647 6378 37646
17024 16343 682 16342
744024 154719 589306 154718
726024 159807 566218 159806
712024 81063 630962 81062
702024 656535 45490 656534
696024 656199 39826 656198
694024 462079 231946 462078
696024 656199 39826 656198
702024 656535 45490 656534
712024 81063 630962 81062
726024 159807 566218 159806
744024 154719 589306 154718
5024 4119 906 4118
30024 11655 18370 11654
59024 45687 13338 45686
92024 14007 78018 14006
129024 42327 86698 42326
170024 52495 117530 52494
215024 41191 173834 41190
264024 159831 104194 159830
317024 91159 225866 91158
374024 344335 29690 344334
435024 110583 324442 110582
497488 397371 100118 397370
339488 65851 273638 65850
187488 176155 11334 176154
41488 19979 21510 19978
677488 192619 484870 192618
544488 499387 45102 499386
417488 228715 188774 228714
296488 97155 199334 97154
181488 39211 142278 39210
72488 387 72102 386
751488 204283 547206 204282
655488 27259 628230 27258
565488 260827 304662 260826
481488 270907 210582 270906
403488 208123 195366 208122
331488 55483 276006 55482
265488 165691 99798 165690
205488 58939 146550 58938
151488 53755 97734 53754
103488 76027 27462 76026
61488 34027 27462 34026
25488 19771 5718 19770
789488 601307 188182 601306
766488 353683 412806 353682
749488 47867 701622 47866
738488 57323 681166 57322
733488 538027 195462 538026
734488 134491 599998 134490
741488 443691 297798 443690
754488 114163 640326 114162
773488 678907 94582 678906
798488 362483 436006 362482
72936 25019 47918 25018
220936 42491 178446 42490
370936 87603 283334 87602
522936 135107 387830 135106
676936 290387 386550 290386
23936 9011 14926 9010
180936 148283 32654 148282
339936 39923 300014 39922
500936 313923 187014 313922
663936 471347 192590 471346
14936 14147 790 14146
180936 148283 32654 148282
348936 11363 337574 11362
518936 23619 495318 23618
690936 425363 265574 425362
45936 36467 9470 36466
220936 42491 178446 42490
397936 239395 158542 239394
576936 404027 172910 404026
757936 19075 738862 19074
116936 100555 16382 100554
300936 157787 143150 157786
486936 461843 25094 461842
674936 500515 174422 500514
36936 4859 32078 4858
227936 172755 55182 172754
420936 25787 395150 25786
615936 443315 172622 443314
812936 705003 107934 705002
178936 81395 97542 81394
378936 63683 315254 63682
580936 229643 351294 229642
784936 38539 746398 38538
153936 146051 7886 146050
360936 251099 109838 251098
569936 539731 30206 539730
780936 387731 393206 387730
152936 59523 93414 59522
75166 36524 38643 36523
658166 483970 174197 483969
399166 252114 147053 252113
140166 55790 84377 55789
727166 118116 609051 118115
469166 363726 105441 363725
211166 15940 195227 15939
802166 3764 798403 3763
545166 383516 161651 383515
288166 277088 11079 277087
31166 22766 8401 22765
627166 114148 513019 114147
371166 7142 364025 7141
115166 64516 50651 64515
715166 154286 560881 154285
460166 416232 43935 416231
205166 82960 122207 82959
809166 520262 288905 520261
555166 259678 295489 259677
301166 47400 253767 47399
47166 3344 43823 3343
656166 491804 164363 491803
403166 75944 327223 75943
150166 53054 97113 53053
763166 729606 33561 729605
511166 216034 295133 216033
259166 258978 189 258977
7166 2122 5045 2121
625166 186982 438185 186981
374166 107972 266195 107971
123166 5934 117233 5933
745166 661444 83723 661443
495166 131710 363457 131709
245166 61844 183323 61843
871166 332416 538751 332415
622166 614816 7351 614815
387332 344301 43032 344300
663332 432665 230668 432664
65332 34145 31188 34144
352332 223677 128656 223676
645332 538781 106552 538780
61332 16905 44428 16904
365332 86065 279268 86064
675332 75925 599408 75924
105332 95409 9924 95408
426332 92649 333684 92648
753332 175501 577832 175500
197332 175173 22160 175172
535332 4329 531004 4328
879332 759641 119692 759640
337332 102693 234640 102692
692332 503157 189176 503156
159332 117181 42152 117180
525332 385093 140240 385092
1332 585 748 584
378332 85805 292528 85804
761332 238129 523204 238128
251332 107497 143836 107496
645332 538781 106552 538780
144332 15985 128348 15984
549332 166197 383136 166196
57332 48049 9284 48048
473332 151005 322328 151004
895332 651585 243748 651584
417332 39789 377544 39788
850332 235749 614584 235748
381332 43081 338252 43080
825332 111181 714152 111180
719178 154954 564225 154953
603178 2938 600241 2937
491178 478390 12789 478389
383178 147076 236103 147075
279178 172806 106373 172805
179178 112000 67179 111999
83178 10030 73149 10029
908178 616912 291267 616911
821178 408244 412935 408243
738178 53168 685011 53167
659178 338260 320919 338259
584178 81028 503151 81027
513178 505802 7377 505801
446178 110776 335403 110775
383178 147076 236103 147075
324178 121912 202267 121911
269178 105976 163203 105975
218178 111280 106899 111279
171178 138120 33059 138119
128178 56596 71583 56595
89178 1036 88143 1035
54178 46196 7983 46195
23178 12406 10773 12405
929178 718744 210435 718743
907178 744556 162623 744555
889178 169436 719743 169435
875178 814918 60261 814917
865178 200646 664533 200645
859178 406154 453025 406153
37204 34417 2788 34416
576204 314889 261316 314888
176204 28153 148052 28152
718204 237205 481000 237204
319204 234585 84620 234584
864204 647361 216844 647360
466204 349473 116732 349472
68204 21817 46388 21816
617204 81661 535544 81660
220204 27261 192944 27260
772204 512753 259452 512752
376204 372101 4104 372100
931204 369685 561520 369684
536204 160893 375312 160892
141204 126237 14968 126236
700204 566553 133652 566552
306204 251385 54820 251384
868204 643769 224436 643768
475204 214533 260672 214532
82204 81781 424 81780
648204 617781 30424 617780
256204 212425 43780 212424
825204 283077 542128 283076
434204 121233 312972 121232
43204 10037 33168 10036
616204 75457 540748 75456
226204 172645 53560 172644
802204 342425 459780 342424
413204 147257 265948 147256
24204 10269 13936 10268
604204 157009 447196 157008
216204 164937 51268 164936
799204 151017 648188 151016
536932 440825 96108 440824
456932 160593 296340 160592
376932 271041 105892 271040
296932 202849 94084 202848
216932 200445 16488 200444
136932 107793 29140 107792
56932 14465 42468 14464
955932 865473 90460 865472
876932 249017 627916 249016
797932 98629 699304 98628
718932 651309 67624 651308
639932 224261 415672 224260
560932 326417 234516 326416
481932 222981 258952 222980
402932 127157 275776 127156
323932 228353 95580 228352
244932 162657 82276 162656
165932 141993 23940 141992
86932 57165 29768 57164
7932 7125 808 7124
920932 16745 904188 16744
842932 746221 96712 746220
764932 272901 492032 272900
686932 672649 14284 672648
608932 352669 256264 352668
530932 248961 281972 248960
452932 391661 61272 391660
374932 310109 64824 310108
296932 202849 94084 202848
218932 137241 81692 137240
